4 3
120 30
0.846154 -0.384615 -2 -2.92308 
1 0 0 
0.692308 -0.769231 -2 -2.92308 
1 0 0 
0.538462 -0.615385 -2.07692 -2.92308 
1 0 0 
0.461538 -0.692308 -1.92308 -2.92308 
1 0 0 
0.769231 -0.307692 -2 -2.92308 
1 0 0 
1.07692 -0.0769231 -1.76923 -2.76923 
1 0 0 
0.461538 -0.461538 -2 -2.84615 
1 0 0 
0.769231 -0.461538 -1.92308 -2.92308 
1 0 0 
0.307692 -0.846154 -2 -2.92308 
1 0 0 
0.692308 -0.692308 -1.92308 -3 
1 0 0 
1.07692 -0.230769 -1.92308 -2.92308 
1 0 0 
0.615385 -0.461538 -1.84615 -2.92308 
1 0 0 
0.769231 -0.769231 -1.84615 -2.92308 
1 0 0 
0.769231 -0.461538 -1.84615 -2.76923 
1 0 0 
0.923077 -0.384615 -1.92308 -2.92308 
1 0 0 
0.923077 -0.461538 -2 -2.92308 
1 0 0 
0.538462 -0.615385 -1.84615 -2.92308 
1 0 0 
0.615385 -0.692308 -1.84615 -2.92308 
1 0 0 
1.07692 -0.461538 -1.92308 -2.76923 
1 0 0 
0.923077 0.0769231 -1.92308 -3 
1 0 0 
1.15385 0.153846 -2 -2.92308 
1 0 0 
0.692308 -0.692308 -1.92308 -3 
1 0 0 
0.769231 -0.615385 -2.15385 -2.92308 
1 0 0 
1.15385 -0.384615 -2.07692 -2.92308 
1 0 0 
0.692308 -0.692308 -1.92308 -3 
1 0 0 
0.307692 -0.769231 -2.07692 -2.92308 
1 0 0 
0.846154 -0.461538 -1.92308 -2.92308 
1 0 0 
0.615385 -0.769231 -2 -3 
1 0 0 
0.230769 -0.769231 -2.23077 -3 
1 0 0 
1.38462 -4.44089e-016 -2.15385 -2.92308 
1 0 0 
1.30769 0.307692 -1.92308 -2.76923 
1 0 0 
1.07692 -0.0769231 -2.07692 -2.76923 
1 0 0 
0.846154 -0.384615 -2 -2.84615 
1 0 0 
1.30769 -0.153846 -1.76923 -2.84615 
1 0 0 
0.846154 -0.153846 -1.92308 -2.84615 
1 0 0 
1.07692 -0.461538 -1.76923 -2.92308 
1 0 0 
0.846154 -0.230769 -1.92308 -2.76923 
1 0 0 
0.461538 -0.307692 -2.30769 -2.92308 
1 0 0 
0.846154 -0.538462 -1.76923 -2.69231 
1 0 0 
0.615385 -0.461538 -1.61538 -2.92308 
1 0 0 
2.30769 -0.615385 0.538462 -2 
0 1 0 
1.84615 -0.615385 0.384615 -1.92308 
0 1 0 
2.23077 -0.692308 0.692308 -1.92308 
0 1 0 
1.15385 -1.30769 -4.44089e-016 -2.07692 
0 1 0 
1.92308 -0.923077 0.461538 -1.92308 
0 1 0 
1.30769 -0.923077 0.384615 -2.07692 
0 1 0 
1.76923 -0.538462 0.538462 -1.84615 
0 1 0 
0.692308 -1.23077 -0.538462 -2.30769 
0 1 0 
2 -0.846154 0.461538 -2.07692 
0 1 0 
0.923077 -1 -0.0769231 -2 
0 1 0 
0.769231 -1.53846 -0.384615 -2.30769 
0 1 0 
1.46154 -0.769231 0.153846 -1.92308 
0 1 0 
1.53846 -1.38462 -4.44089e-016 -2.30769 
0 1 0 
1.61538 -0.846154 0.538462 -2 
0 1 0 
1.23077 -0.846154 -0.307692 -2.07692 
0 1 0 
2.07692 -0.692308 0.307692 -2 
0 1 0 
1.23077 -0.769231 0.384615 -1.92308 
0 1 0 
1.38462 -1 0.0769231 -2.30769 
0 1 0 
1.69231 -1.38462 0.384615 -1.92308 
0 1 0 
1.23077 -1.15385 -0.0769231 -2.23077 
0 1 0 
1.46154 -0.615385 0.615385 -1.69231 
0 1 0 
1.61538 -0.923077 -4.44089e-016 -2.07692 
0 1 0 
1.76923 -1.15385 0.692308 -1.92308 
0 1 0 
1.61538 -0.923077 0.538462 -2.15385 
0 1 0 
1.84615 -0.846154 0.230769 -2.07692 
0 1 0 
2 -0.769231 0.307692 -2 
0 1 0 
2.15385 -0.923077 0.615385 -2 
0 1 0 
2.07692 -0.769231 0.769231 -1.76923 
0 1 0 
1.53846 -0.846154 0.384615 -1.92308 
0 1 0 
1.30769 -1.07692 -0.384615 -2.30769 
0 1 0 
1.15385 -1.23077 -0.153846 -2.23077 
0 1 0 
1.15385 -1.23077 -0.230769 -2.30769 
0 1 0 
1.38462 -1 -0.0769231 -2.15385 
0 1 0 
1.53846 -1 0.846154 -1.84615 
0 1 0 
1.07692 -0.769231 0.384615 -1.92308 
0 1 0 
1.53846 -0.461538 0.384615 -1.84615 
0 1 0 
2.07692 -0.692308 0.538462 -1.92308 
0 1 0 
1.76923 -1.30769 0.307692 -2.07692 
0 1 0 
1.23077 -0.769231 0.0769231 -2.07692 
0 1 0 
1.15385 -1.15385 -4.44089e-016 -2.07692 
0 1 0 
1.15385 -1.07692 0.307692 -2.15385 
0 0 1 
1.61538 -0.769231 0.461538 -2 
0 0 1 
1.38462 -1.07692 -4.44089e-016 -2.15385 
0 0 1 
0.769231 -1.30769 -0.538462 -2.30769 
0 0 1 
2.07692 -0.769231 0.769231 -1.76923 
0 0 1 
1.53846 -0.846154 0.384615 -1.92308 
0 0 1 
1.30769 -1.07692 -0.384615 -2.30769 
0 0 1 
1.15385 -1.23077 -0.153846 -2.23077 
0 0 1 
1.15385 -1.23077 -0.230769 -2.30769 
0 0 1 
1.38462 -1 -0.0769231 -2.15385 
0 0 1 
1.53846 -1 0.846154 -1.84615 
0 0 1 
1.07692 -0.769231 0.384615 -1.92308 
0 0 1 
1.53846 -0.461538 0.384615 -1.84615 
0 0 1 
2.07692 -0.692308 0.538462 -1.92308 
0 0 1 
1.76923 -1.30769 0.307692 -2.07692 
0 0 1 
1.23077 -0.769231 0.0769231 -2.07692 
0 0 1 
1.15385 -1.15385 -4.44089e-016 -2.07692 
0 0 1 
1.15385 -1.07692 0.307692 -2.15385 
0 0 1 
1.61538 -0.769231 0.461538 -2 
0 0 1 
1.23077 -1 0.153846 -2.07692 
0 0 1 
1.30769 -0.769231 0.153846 -2.15385 
0 0 1 
1.30769 -0.846154 0.153846 -2.07692 
0 0 1 
1.69231 -0.846154 0.230769 -2.07692 
0 0 1 
0.846154 -1.15385 -0.769231 -2.23077 
0 0 1 
1.30769 -0.923077 0.0769231 -2.07692 
0 0 1 
1.76923 -0.538462 1.53846 -1.15385 
0 0 1 
1.38462 -1 0.846154 -1.61538 
0 0 1 
2.38462 -0.769231 1.46154 -1.46154 
0 0 1 
1.76923 -0.846154 1.23077 -1.69231 
0 0 1 
1.92308 -0.769231 1.38462 -1.38462 
0 0 1 
2.76923 -0.769231 2 -1.46154 
0 0 1 
0.692308 -1.15385 0.384615 -1.76923 
0 0 1 
2.53846 -0.846154 1.76923 -1.69231 
0 0 1 
2.07692 -1.15385 1.38462 -1.69231 
0 0 1 
2.46154 -0.307692 1.61538 -1.15385 
0 0 1 
1.92308 -0.615385 0.846154 -1.53846 
0 0 1 
1.84615 -1 1 -1.61538 
0 0 1 
2.15385 -0.769231 1.15385 -1.46154 
0 0 1 
1.30769 -1.15385 0.769231 -1.53846 
0 0 1 
1.38462 -0.923077 0.846154 -1.23077 
0 0 1 
0.769231 -0.384615 -2.07692 -2.84615 
1 0 0 
0.384615 -1.30769 -2.07692 -2.84615 
1 0 0 
0.307692 -0.615385 -2.07692 -2.92308 
1 0 0 
0.769231 -0.384615 -1.84615 -2.61538 
1 0 0 
0.846154 -0.153846 -1.61538 -2.76923 
1 0 0 
0.615385 -0.769231 -2 -2.84615 
1 0 0 
0.846154 -0.153846 -1.84615 -2.92308 
1 0 0 
0.461538 -0.615385 -2 -2.92308 
1 0 0 
1 -0.230769 -1.92308 -2.92308 
1 0 0 
0.769231 -0.538462 -2 -2.92308 
1 0 0 
2 -0.769231 0.307692 -2 
0 1 0 
2.15385 -0.923077 0.615385 -2 
0 1 0 
1.38462 -1.07692 -4.44089e-016 -2.15385 
0 1 0 
0.769231 -1.30769 -0.538462 -2.30769 
0 1 0 
1.23077 -1 0.153846 -2.07692 
0 1 0 
1.30769 -0.769231 0.153846 -2.15385 
0 1 0 
1.30769 -0.846154 0.153846 -2.07692 
0 1 0 
1.69231 -0.846154 0.230769 -2.07692 
0 1 0 
0.846154 -1.15385 -0.769231 -2.23077 
0 1 0 
1.30769 -0.923077 0.0769231 -2.07692 
0 1 0 
2.46154 -0.615385 1.53846 -1.69231 
0 0 1 
1.69231 -0.923077 0.615385 -1.69231 
0 0 1 
1.61538 -0.769231 0.692308 -1.69231 
0 0 1 
1.84615 -0.923077 1.23077 -1.46154 
0 0 1 
2.46154 -0.769231 1.38462 -1.84615 
0 0 1 
2.61538 -0.923077 1.61538 -1.61538 
0 0 1 
3 -0.153846 1.84615 -1.53846 
0 0 1 
1.84615 -0.923077 1.23077 -1.38462 
0 0 1 
1.76923 -0.923077 0.846154 -1.92308 
0 0 1 
1.46154 -0.769231 0.846154 -1.69231 
0 0 1 
